started
done loading
0
1888
2522
2959
3113
3384
4221
4631
4694
4789
5586
6513
6661
6743
6888
7019
7632
8387
8532
8884
9021
10224
10570
10681
11250
12128
12220
12278
12440
12806
12876
13003
14356
14359
15920
15982
16824
16832
16857
18101
18127
18339
18538
18687
18971
19470
19620
20640
20977
21003
22613
22613
22992
22999
23038
23077
23086
23178
23619
23624
23935
23998
24483
24585
24656
24787
24877
24880
24934
25214
26033
26120
26204
26404
26507
26517
26675
26707
26753
26855
26903
27049
27129
27159
27178
27352
27558
27624
27795
28009
28014
28014
28094
28174
28339
28915
28925
28963
28968
29014
29127
29357
29412
29443
30064
30405
30415
30647
30653
30653
32866
33984
34483
34525
34535
34535
34574
34648
34707
34720
34723
34751
34930
35034
35047
35338
35430
35431
35440
35452
35454
35467
35551
35552
35554
35667
35675
35687
35689
35690
35818
36431
36431
36431
36831
37154
37170
37334
37355
37398
38525
39016
39078
39776
39924
40002
40061
40230
40455
40556
41065
41742
42187
42676
43023
43763
43818
43823
44155
44257
44554
44638
45053
45564
45642
45828
46021
46141
46160
46202
46609
46699
46747
46773
46797
47309
47504
47597
47765
47779
47873
47943
47945
48145
48334
48477
48974
48989
49538
49644
49656
49687
49712
49896
50082
50157
50232
50429
51022
51069
51107
51136
51149
51262
51287
51429
51741
51798
51982
52000
52024
52024
52312
53581
53926
54160
54160
54276
54289
54385
54707
55311
55631
55842
55973
56820
57111
57338
57367
57521
57559
57586
57660
57669
57678
57687
58335
58768
58893
59133
59161
59179
59497
60158
60193
60256
60446
60546
60674
60766
63463
63718
63875
63900
63904
64601
65236
65365
65417
65470
65544
65601
65947
66170
66191
66267
66473
66628
66666
66704
66892
67104
67298
67314
67314
67314
67315
67333
67970
68103
68254
68297
68951
69786
69827
69854
71811
71837
71857
71992
72626
72667
72747
73119
73150
73264
73562
73783
73962
74007
74011
74012
74115
74166
74428
74559
75578
76153
78170
78412
78443
78495
78681
78681
78713
78760
78815
79140
79271
80173
80310
80328
80476
80840
80944
80982
80999
81632
81832
82437
82513
82539
83000
83039
83712
84140
84249
84291
84699
85648
86123
86358
86463
87120
87180
87418
89387
90489
90614
90632
90750
90996
91209
91263
92265
92330
92549
93604
94314
94366
94743
94938
95319
95551
95718
95734
96044
97534
97665
98068
99321
99503
99745
99992
100027
100036
100063
100161
100250
100268
100322
100357
100380
100471
100489
100489
100490
100500
100501
100501
100501
100503
100504
100504
100508
100686
100693
100867
100931
100977
101397
101407
101670
101890
101973
102137
102213
102406
102433
102570
102874
102955
102998
103197
103265
103366
103613
103763
103997
104163
104183
104518
104873
104915
105539
106010
106135
106189
106323
106325
107180
107756
108335
108361
108433
108520
108743
108772
108989
109057
109254
109349
109385
109449
110194
110449
110535
112354
112433
112558
112588
112667
112693
112733
112921
113014
113529
113579
113905
113965
113998
114523
114559
114694
115570
115859
115891
116068
116089
116219
118632
118883
119034
119100
119127
119575
119631
119686
119722
119807
119975
120153
120452
120721
121102
121141
121173
121765
121804
121850
122608
122694
122833
122843
123005
123069
123172
123443
123937
124486
124522
124659
124825
124890
125206
125612
125842
126178
126309
126483
126810
126920
126999
127098
127532
127551
127557
129632
129694
130328
130330
130624
130984
131165
131429
131703
131754
131942
132222
133113
133269
134902
135086
135691
135807
135808
136122
136233
136355
136494
136652
137557
138027
138530
138555
139149
139270
139272
139398
139403
139410
139422
139845
139860
139897
139953
139966
139978
140011
140100
140122
140154
140156
140175
140336
140438
140439
140490
140491
140492
140548
140669
140671
140699
140700
141071
141677
142711
143946
146346
147641
147642
148900
151230
151894
152843
153308
154251
154258
154492
154518
154519
154555
154605
154605
154810
154890
154892
157165
157224
157782
157977
158044
158119
158127
158184
158435
158451
158460
158488
158488
158521
158521
158524
158525
158525
158544
158658
159099
159099
159104
159177
159190
159208
159211
159279
159279
159412
159423
159491
159552
159553
159553
159556
159557
159574
159574
159973
161335
161351
161435
161436
161444
162012
162012
162013
162047
162049
162050
162074
162075
162546
162669
162905
162913
162945
162948
162993
163032
163055
163110
163525
163527
164029
164373
164373
164373
164373
164645
164647
164707
164721
164725
164725
164726
164751
164751
164753
164947
164947
164949
165054
165156
165156
165282
165401
165405
165482
165487
165487
165623
165624
165647
165655
165689
165721
165723
165961
166587
166718
166761
166815
166817
166817
166951
166994
167019
167020
167050
167270
167659
167659
167685
167685
168057
168134
168143
168143
168336
168339
168340
168384
168390
169581
169584
169673
170668
170942
170942
170942
170942
171225
171387
171483
171485
172068
172094
172144
172524
172527
173776
173791
173791
173818
173827
173835
173839
173843
173844
173897
173925
174034
174310
174311
174381
174531
174622
174645
174645
174657
174657
174674
174674
174674
174675
174684
174687
174687
175366
175413
176958
177051
177186
177529
177875
178570
178984
178987
179836
179838
179838
179840
179841
179850
179850
179850
179852
179852
180030
180335
180901
181012
181397
181451
181662
181967
182023
182033
182074
182166
182274
182282
182282
182326
182327
182332
182332
182332
182500
182500
182503
182505
182505
182509
182533
182533
182534
182535
182583
182697
182958
182974
183497
183567
183569
183655
183873
184072
184527
184650
184696
184717
184856
184857
184864
184864
184896
184902
185042
185508
185532
185648
186211
186213
186221
186221
186221
186221
188201
188202
188212
188461
188489
188497
188509
188510
189023
189046
189047
189084
189126
189126
189127
189127
189133
189174
189194
189217
189218
189433
189720
189792
189841
189841
189842
189883
189977
189979
190020
190022
190022
190177
190317
190382
190382
190384
190429
190522
191045
191714
192026
192185
192792
193597
194529
194855
195020
195112
196285
196666
197402
197681
199171
200100
200672
200998
201374
201440
201613
203167
204210
204480
204910
205925
207477
207485
207842
207917
208259
208340
208741
208922
209097
209490
209759
209820
209941
209979
210151
210162
210498
210591
210858
211008
211099
211316
211464
211634
211748
211939
212198
212563
212807
213472
213815
214187
214224
214259
214271
214324
214337
214354
214365
214414
214462
214697
214703
214725
215377
216344
216377
216624
216630
216707
216721
216723
216776
216778
216870
216870
216875
216879
216948
216948
216973
216976
217186
217223
217284
217285
217329
217483
217500
217509
217918
217918
218152
218180
218265
218532
218550
218550
218557
218666
218755
218880
218949
219158
219245
219512
219738
219860
220128
220362
220491
220702
220844
221101
221218
221752
222112
222339
222852
223059
223175
223434
223441
223746
224650
225157
225440
225727
226200
226452
226603
227394
228889
229438
229447
229450
229455
229889
230364
230455
230486
230486
230567
230955
230955
231374
231503
231594
231594
231626
231699
231718
231763
232005
232015
232446
233158
233498
233499
233523
233700
233700
233858
233879
233908
234012
234014
234019
234019
235186
235186
235186
235208
235879
236215
237390
238233
238623
238760
238902
239520
239646
239988
240003
240611
241744
242777
243114
243764
244383
245486
245998
246310
248350
248355
248528
248914
249827
249831
250187
250620
250658
250658
250661
250661
250661
250661
250747
250776
250822
250853
250854
250869
250881
250882
250913
251326
251339
251339
251371
251736
252076
252363
253898
254048
254841
255047
255242
255442
255444
255446
255819
257266
257266
257272
257274
257274
257274
257276
257276
257290
257292
257292
257540
258334
258338
258486
258515
258542
258555
258568
258568
258568
258568
258568
258568
258574
258657
258744
258760
258765
258766
258766
258855
258871
258905
258919
259287
259833
260017
260020
260348
260466
260598
260805
261603
261644
261653
261653
262543
262630
263043
263539
263670
264273
264510
264628
264817
264916
266477
266667
266667
269356
271446
273693
274518
276172
276918
276984
277525
278269
278475
279580
280417
281482
281634
284220
284436
284864
286361
288179
289043
289121
289443
289657
290793
291999
293529
294674
295099
295468
296698
296901
297120
297734
297734
298952
299616
299662
300570
301497
302138
302216
302494
302809
302809
304726
304786
305765
306052
306693
307016
307789
308932
309397
310067
310931
311135
312186
312681
313086
313134
313664
314087
315063
316681
316953
317445
318093
318722
318947
320986
321888
322582
322864
323469
325806
326329
326909
327044
327452
328124
328955
329288
330374
330557
330809
331006
331863
332218
332694
333429
333681
334295
335286
335450
335653
337127
337662
338265
339262
339508
340010
340402
340748
341398
341702
342041
342724
343013
344296
344404
344530
345923
345923
345923
345961
345967
345993
346004
346004
346007
346008
346045
346045
346045
346876
347367
347394
347432
347452
347473
347525
347842
347865
347900
348005
348049
348145
348800
349112
349130
349179
349239
349239
349847
350044
350091
350329
350954
351271
351792
351944
352339
352551
352565
352937
352970
353057
353227
353463
353533
354702
355202
356271
356469
356470
356617
356708
356805
356807
356863
356959
357291
357291
357295
358304
359018
359918
360461
361726
362547
363567
364480
364988
365323
366051
366331
366448
366459
366464
366878
366879
368395
368726
368918
369030
369979
370182
371406
372694
372955
373948
374005
374063
374156
374156
374298
374298
374298
374369
374807
374828
375632
376517
376872
376954
377298
377317
377361
377507
377538
377783
377820
377820
377940
377947
377968
378224
378238
378238
378388
378410
378458
378504
378772
378772
378979
379071
379076
379077
379077
379085
379101
379390
379432
379504
379930
379991
379991
379998
380134
380307
380350
380350
380760
380772
380772
380772
380906
380978
381000
381059
381299
381322
381671
381754
381945
381945
381978
382104
382213
382863
382863
382993
382993
382994
382999
383039
383074
383201
383277
383730
383756
383756
384265
384515
384515
384568
384695
384808
385404
385410
385563
385824
385859
385884
385884
385884
385900
385916
385958
385980
386020
386138
386491
387516
387533
387544
387670
387683
387683
387683
387722
387751
387770
387772
387794
387794
388476
388482
388640
388689
389793
390097
390103
390118
390118
390125
390178
390178
390221
390296
391540
391541
391565
391565
391575
391579
391603
391608
391699
391699
392017
392023
392034
392034
392247
392460
392467
393607
393674
393719
393751
393753
393771
393834
393868
394733
394736
394856
394858
395189
395189
395190
395190
395190
395194
395747
395784
395815
395830
396249
396257
396257
397002
397024
397065
397090
398365
398380
398391
398391
398391
398391
398392
400643
400693
400752
400778
402028
402052
402555
403074
403344
403791
404238
404661
404764
404909
405181
405244
405275
406014
406116
406177
406254
406320
406360
406678
406734
406815
406912
406912
407874
407925
409406
409619
409673
409700
410091
410296
410655
412703
412703
413019
413371
413450
413455
413567
413610
414400
414468
414692
414692
414784
414784
414828
414844
415084
415084
415536
415540
415540
415540
416421
416493
417546
417613
417854
418286
419025
419111
419195
419363
419528
419573
419588
419592
420556
420639
420712
420725
420744
420845
420851
421009
421089
421108
421775
421779
421955
421973
422073
422106
422141
422215
422234
422527
423537
424495
424506
425551
425585
426010
426031
426448
426572
427484
427680
427729
427735
427834
428139
428418
428643
429344
429344
429362
429672
430098
430125
430150
430150
430150
430291
430291
430543
430824
430881
432256
432256
432256
432389
432389
432390
432390
432953
432953
433167
433168
433180
433180
433584
433590
433936
433943
435331
436117
436117
436117
436135
436252
436444
436466
437111
437263
437317
438309
438381
438560
438794
438794
438794
438794
438836
438836
438841
438841
438852
438918
438918
438966
439803
440580
440590
440647
440647
440832
441012
441361
441389
441436
441436
441522
441570
441751
441751
441956
441956
441957
441957
441957
441980
441980
442270
442287
442328
442536
442537
442537
442537
442537
443354
443354
443845
443852
443852
443858
444046
445316
445481
445481
445482
445561
445561
445561
445608
446022
446033
446168
446170
446173
446322
446360
446557
446557
446908
446908
446908
447014
447586
447738
447753
447753
447787
448109
448122
448159
448159
448181
448182
448272
448283
448283
448283
448284
448477
448496
448496
448591
448621
448658
448745
448745
448780
448781
449384
449385
449621
450070
450401
450523
450582
450582
450644
450788
450877
450879
450880
450906
451175
451195
451195
451357
451364
451377
451379
451380
451395
451440
451536
451601
451620
451769
451801
451841
451843
452023
452156
452166
452215
452387
452422
452424
452470
452529
452533
452542
452762
452787
452939
453748
453752
453763
453783
453807
453870
454319
454922
455198
455755
455759
455818
456173
456215
456222
456228
456588
456606
457030
457305
457344
457459
457473
457481
457533
457538
457568
457572
457670
457672
457703
458136
458136
459020
459056
459538
460351
460499
460838
460839
461161
462166
462777
462881
463200
463745
463794
465015
465238
465281
465309
465547
465574
465650
465655
465863
465897
465915
465984
466079
466153
466213
466320
466541
466624
466727
466826
466883
467215
467674
467860
468531
468712
468910
469225
469416
470001
470766
471787
472194
472643
473221
473704
474267
474844
476030
476616
476836
477112
477793
477974
478476
479845
480088
480327
480552
480728
480928
481209
481365
481545
481694
481797
481902
481980
482072
482532
482707
482805
482919
483032
483106
483154
483165
483177
483400
483523
483607
484317
484484
484581
485390
485497
485614
487084
487994
488725
489420
489764
490410
491288
491347
491361
491734
492073
493111
494144
494708
494874
495211
495307
495452
495991
496560
497259
497967
498202
498890
499018
499214
499358
499474
501883
501947
501947
501979
502019
502190
502454
502506
502593
502643
502821
502822
502938
503063
503241
503389
503440
503489
503987
504007
504123
504158
504251
504338
504503
504846
505766
505805
505823
505907
506625
506861
507023
507030
507093
507101
507839
508257
508350
508860
508978
509108
509341
509493
509757
509817
509834
509905
510499
510636
511220
511233
512010
512945
513267
513513
513596
514098
514121
514662
515091
515302
515522
515691
515835
516087
516761
516861
517317
517510
517577
517772
518819
518833
519009
519044
519095
519968
520134
520313
521054
521571
521897
522178
522495
522564
522793
523804
524201
524452
524782
524915
525137
525354
525566
525759
526395
526764
527206
527210
527235
527242
527512
527540
527797
528285
528751
528964
529158
529620
529888
530213
530868
531229
531410
531728
532364
532984
533300
533503
533655
533746
534369
534481
534547
534810
534937
535179
535187
535205
535224
535424
536059
536703
536866
537048
537065
537166
537300
538020
538094
538209
538321
538502
538506
538604
539946
539964
540133
540204
540289
540325
540379
540487
540580
540738
540876
540893
541325
541350
541583
541600
541648
541658
541664
542377
543405
543522
543545
543554
543556
543556
543563
543582
543766
543964
544045
544076
544228
544234
544413
544421
544472
544490
544602
544602
544603
544614
544614
544615
544616
544625
544625
544636
544636
544639
544639
544639
544640
544657
544657
544657
544657
544971
545178
545183
545190
545191
545374
545417
545489
545580
545801
545918
545923
546643
546650
547109
547123
547451
548261
548471
548527
548529
548702
549090
549091
549163
549183
549195
549197
549377
549423
549568
549858
550008
550082
550160
550342
550409
551379
551567
551567
551634
551731
552300
552300
552362
552424
552425
553154
553359
553479
553489
553773
553830
553871
553920
553956
554211
554876
555737
555845
557188
557208
557231
557809
557877
558002
558317
558331
558334
558928
559257
560230
560524
560531
560553
560631
560665
560666
560668
560788
561212
561506
561915
562010
562145
562363
562370
562656
562656
562823
563876
564130
564163
565197
565305
565317
565404
565554
566130
566215
566373
566380
566902
567247
567616
568466
568580
568837
568864
569176
569217
569227
569229
569412
569450
569726
569811
570080
570222
570240
570331
571081
571956
572086
573602
573690
573880
573884
574500
574604
574751
574798
575066
575181
575304
575992
576266
576319
577086
577210
577751
577960
578131
578352
578729
579032
579198
579571
579779
579955
580112
580250
580387
580873
581010
581063
581259
581272
581507
581795
582462
582652
583372
583886
584979
587098
587119
587461
587659
587698
587980
588332
588685
588958
589572
590769
591685
591931
592339
592707
593046
593288
593692
594024
594036
594350
594412
594509
594572
595018
595438
595696
596161
596908
596963
596985
597693
598153
598316
598446
598861
598994
599542
599599
599689
599797
599870
599871
600057
600102
600126
600268
600380
600384
600451
600509
600750
600928
600957
601353
601449
601468
601629
602073
603046
603296
603540
603658
603881
603985
604042
604090
604517
604525
604562
604573
604858
605186
605643
606459
606833
606916
607087
607390
607516
607792
607830
608351
608390
608392
608424
608452
608477
608478
608842
608849
608856
608931
608931
609630
609740
609863
609888
609913
610002
610316
610479
610591
610634
610742
611271
612038
612047
612214
612462
612612
612664
612664
612681
612684
612757
612774
613049
613151
613197
613238
613482
613754
613841
613996
614068
614138
614175
614412
614551
614666
615237
615795
616849
617184
617474
617800
618208
618224
618332
618364
618396
618400
618959
619104
619603
620159
620161
620178
620189
620344
620344
620436
620596
620761
620930
620965
621158
621278
621431
621432
621435
621653
621677
621829
621942
621951
621951
621951
622282
622317
622593
622779
622787
622880
625200
625839
625883
626067
626192
626195
626222
626226
626251
626912
627471
627533
627743
627743
627786
627811
627900
627900
627958
628000
628002
628003
628033
628086
628086
628217
628274
628771
630138
630512
630512
630518
630518
630518
631223
631404
631466
631470
631528
631569
631704
631826
632077
632118
632293
632848
633754
633798
633799
633834
633897
634267
634270
634361
634417
634448
634461
636471
636596
636630
636635
636646
636783
636869
636894
636905
636935
636967
637115
638217
638985
639445
639754
639969
640062
640097
640141
640492
640546
640574
640649
640689
640727
640850
640893
640952
642045
642055
642095
642220
642308
642833
642875
643441
643506
643532
643587
643832
643930
644126
644826
645178
645183
645208
645218
645452
645659
645683
645688
645688
645727
645805
647119
647119
647122
647661
648058
648683
648721
649077
649096
650065
650262
650979
650989
651060
651105
651105
652344
653495
654303
654663
654664
654699
654706
655945
656500
656542
656755
657856
657883
658729
659113
659188
659206
661154
661664
662005
662437
662775
662855
663394
664152
664741
664824
664939
664967
665356
665532
665681
665848
665988
666032
666441
666856
667057
667076
667150
667553
667568
667622
667623
667647
667680
667897
668735
669050
669180
669260
669518
669568
669736
669788
669799
669828
669860
669982
670011
670412
670419
671029
673254
674244
674487
674493
674521
674545
674556
674626
675475
675628
675850
675864
675927
675940
675953
675956
675983
676294
676371
676428
676524
676534
676594
676616
676683
676829
677232
677391
677448
679008
679501
679740
680078
680578
680795
682129
682276
682366
682385
682467
682745
683052
684279
684684
684858
684939
685283
685302
685340
685342
685384
685410
685417
685659
685789
685905
685959
686250
686298
686300
686540
686543
686554
686558
687234
687524
687632
687779
687789
687796
687796
687802
687819
687865
688011
688028
688028
688037
688409
688854
688893
688914
688990
688991
689141
689169
689207
689236
689242
689359
689502
689528
689537
689546
689633
689996
693064
693277
693385
693700
693780
694250
694272
694290
694459
694737
694792
694795
694966
695615
696272
696293
696349
696607
696646
696846
696877
697022
697088
697800
697905
698151
698189
698247
698278
698281
698391
698653
699572
699737
699749
699784
699814
699816
699839
699856
699946
700052
700203
700503
700648
700736
700751
700813
701040
701236
702004
702004
702004
702010
702437
702452
702461
703232
705024
705490
706826
707174
707267
707546
707758
707775
707893
707940
708335
708425
708498
708693
708697
708706
708810
708819
708823
708953
709097
709182
709211
709256
709349
709605
709928
710069
710706
710731
710988
711791
712474
713062
713376
713847
714009
714322
714322
714325
714450
714450
714450
715742
715745
715996
716005
716020
716031
716097
716491
716605
717525
717606
717695
717988
718046
718458
718519
718618
719120
719160
719254
719285
719285
719297
719332
719405
719414
720527
720963
722592
722684
723059
723404
723783
723811
724171
724177
724487
724608
726623
726636
726640
726951
726957
726988
726994
727222
727796
728598
728859
728905
728905
728936
729065
729074
729137
729183
729312
729705
729795
730028
730401
730877
730910
731096
731096
731242
731256
731262
731267
731392
731559
731753
731801
731999
732821
733127
733492
733653
734182
734247
735014
735296
735362
735426
735464
735992
736094
736174
736190
736255
736288
736300
736454
737328
737632
737755
737831
737837
737839
737849
737849
738342
738592
738909
739030
739088
739089
739260
739576
739922
739972
740526
740824
741705
741737
741933
741987
742073
742150
742290
742417
742417
743379
744163
744515
744517
744519
744589
745059
745382
745609
745770
745887
745904
746095
746190
746665
746745
746928
747413
747653
748212
748935
749146
749202
749880
750499
750523
751309
752145
752205
752233
752431
752496
753002
754411
754503
754514
754580
754635
754638
754752
754769
754796
754798
754825
755008
755011
755060
755108
755374
755485
755486
755521
755561
755701
755878
755881
755895
755949
755964
755973
756030
756146
756176
756220
756457
756729
757825
758469
758478
758534
758535
758857
759092
759100
759401
759743
760217
760256
760671
761675
761692
761710
761985
761985
762043
762048
762192
762614
762837
762837
762859
762860
763292
764089
765632
766839
766990
767457
767660
767720
767862
767977
768018
768022
768390
768784
768786
768834
769114
769258
769258
769278
769278
769477
769477
769846
770070
770364
770434
770588
770910
770911
771356
771531
771534
771656
771661
771895
771895
772696
772753
772755
772961
773050
773061
773064
773143
773175
773575
773575
773602
773628
773656
773725
773832
773832
773832
773834
773835
773903
773903
773908
773910
773910
773977
773979
773980
774223
774257
774289
774341
774344
774610
774908
774912
775341
775939
776121
776415
776747
776991
777488
778502
778883
779884
780816
781381
781695
782051
782483
782862
783002
783600
784064
784358
784496
784927
785091
785520
785695
785988
786142
786660
787048
787134
787173
787174
787174
787174
787175
787220
787229
787242
787283
787666
787778
787899
787903
787952
787953
787954
787959
787963
787964
787965
788155
788156
788687
788842
789326
789870
789916
789921
789973
789975
789998
790239
790505
790527
790584
790614
790615
790633
790637
790638
790894
791340
791382
791408
791448
791449
791453
791454
791628
791774
791927
792040
792324
792349
792447
792480
792480
792493
792901
792912
792914
792916
792939
792976
793038
793194
793389
793425
793444
793463
793468
793659
793659
793682
793808
793822
793824
793826
794538
794808
794808
794896
795300
795766
796297
797281
797979
798876
799011
799239
799485
799521
799575
799575
799656
799699
799752
799755
799767
799828
799829
799831
799835
799920
799923
799925
799926
799926
800174
800304
800989
801139
801401
801435
801467
801551
801694
801741
801935
801984
802658
802980
803285
803364
803390
803490
803511
803538
803744
803874
803969
803972
805153
805565
805574
805574
805727
805729
805773
805793
805837
805907
807179
807191
807373
808456
808644
808707
809420
809491
809677
809740
809794
810044
810238
810318
810383
810426
810458
810951
811072
811083
811559
811785
811955
812389
812424
812429
812635
812767
812799
812863
813831
813861
814593
814909
815205
815285
815324
815324
815386
815517
815518
815574
815575
815892
816172
816181
816198
816213
816414
816665
817065
817307
817387
818705
818709
818730
818745
818869
819480
819723
819961
820445
820585
821827
821830
821982
822250
822252
822261
822325
822341
822981
822998
823057
823067
823069
823359
823371
823425
823508
823780
824597
824753
824993
825073
825208
825825
826146
826298
826644
826971
827052
827784
827847
828256
828637
828695
828870
829077
829079
829125
829309
829338
829510
829513
829521
830000
830331
831069
832222
832511
832653
832654
832679
832697
832702
833156
833726
834161
834193
834352
834388
834413
834413
834415
835168
835256
835648
835842
835910
836154
836393
836545
836905
837780
837858
837965
838787
839079
839189
839189
839218
839218
839218
839239
839249
839365
839611
839889
839922
839948
839980
839988
840103
840175
840195
840212
840214
840470
840519
842245
842304
842331
842343
842343
842343
842462
842479
842504
842532
842575
842575
842651
843216
843223
843513
843678
843682
843737
843768
843921
844018
844128
844130
844175
844178
844292
844335
844487
844488
845273
845276
845305
845320
845344
845427
845907
846215
846338
846724
847054
847138
847185
847188
847266
848433
849139
849155
849202
849293
849382
849620
849620
849623
849661
849977
850125
850582
850588
850607
851201
851618
851629
851636
851649
851734
851747
851763
851930
851930
851937
852210
852210
852212
852217
852341
852802
852848
852848
852853
852914
852949
853093
853164
853241
853291
853340
853363
853369
853399
853719
853783
853804
854808
854950
854978
855022
855260
855442
855481
855562
855618
855662
855957
856146
856712
857021
857511
857876
857877
858178
858299
858412
858448
858501
858663
858717
858765
858820
859406
860066
860841
861062
861533
862493
863423
864057
864400
864797
865016
865250
865352
865524
865556
865877
865955
866014
866090
866153
866676
866729
866771
866854
866876
866877
867125
867297
867400
867487
867621
867758
867957
868367
868406
868468
868733
868787
869235
869272
869317
869388
869423
869956
870173
870384
870456
870826
871307
871372
871501
871502
871521
871521
872708
873219
874340
874531
875452
875472
875488
875598
875628
875898
875920
875923
876550
876769
876812
876979
877071
877147
877321
877622
877758
877761
877918
877974
877993
878014
878024
878029
878030
878065
878092
878132
878339
878488
879039
879207
879257
879482
879618
879665
880071
880134
881502
881609
881672
881682
881709
882124
882207
882210
882398
882666
882674
882708
882736
882786
882879
882920
883654
883729
884054
884312
884384
884587
884587
884624
884639
884645
884862
884893
885121
885186
885248
885353
885532
885886
886318
886319
886319
886343
886505
886524
886577
886735
886897
887231
887313
887347
887392
887495
887774
887775
887804
888170
888196
888320
888340
888358
888394
888407
888442
888628
888640
888660
888697
888697
888751
888812
888885
888899
889113
889130
889729
889859
889987
889993
890004
890623
891009
891053
891334
891425
891674
891697
891701
891704
891868
891880
892012
892030
892031
892243
892255
892291
892315
892351
892355
892357
892480
892481
892488
892498
892990
893011
893094
893256
894159
894199
894202
894231
894332
894353
894402
894403
894411
894441
894441
894519
894583
894761
895349
895380
895411
895475
895592
895986
896224
896370
896449
896504
896547
896581
896672
896696
896803
896973
897282
897471
897601
897792
897814
898026
898041
898065
898086
898187
898307
898333
898358
898371
898390
898415
898502
898511
898549
898640
898691
899468
899752
899804
899839
900189
done
